100
279
58 41 57
53 73 61
67 35 42
51 63 70
90 15 98
58 88 34
42 8 64
43 24 18
89 97 62
47 79 38
12 66 36
100 25 88
22 7 99
58 9 98
77 63 63
65 47 54
1 12 69
89 69 54
19 15 18
81 53 36
100 23 22
54 90 11
86 98 39
80 64 77
21 67 68
41 83 69
13 1 89
25 31 49
58 17 29
47 83 21
12 86 26
44 56 5
96 64 94
16 40 59
50 78 50
96 100 52
12 33 56
57 64 89
42 23 91
32 26 39
66 71 64
40 47 14
58 45 29
29 56 60
41 25 97
46 33 88
8 50 16
55 10 61
82 53 30
100 14 74
51 98 5
84 50 46
81 32 28
15 58 42
62 55 79
84 13 10
12 47 95
78 29 23
1 62 99
66 13 84
57 69 3
91 76 67
32 64 3
71 35 12
27 37 53
61 45 74
86 70 65
75 91 43
52 4 63
43 77 90
27 35 29
78 36 68
67 52 12
56 33 1
85 99 18
21 85 5
7 11 91
50 58 73
44 20 55
44 98 90
43 50 73
40 42 48
71 65 1
52 10 77
16 8 48
43 92 37
55 40 84
5 67 12
57 98 66
75 21 80
45 34 90
34 27 28
90 81 54
83 77 70
29 90 84
58 39 98
49 60 97
57 79 44
55 73 9
38 61 27
24 20 57
84 56 88
21 19 80
81 57 30
25 64 71
67 54 33
58 40 23
76 96 79
78 83 22
22 57 71
94 48 85
87 67 40
35 66 14
82 28 21
24 52 88
9 75 19
65 70 53
1 3 64
81 63 16
22 65 92
99 96 89
91 47 83
20 23 44
10 43 86
80 55 80
10 17 26
81 2 75
44 64 14
32 79 3
76 77 80
73 45 71
11 45 86
93 73 75
85 44 5
68 36 15
77 35 73
98 47 50
65 8 38
88 97 56
82 86 11
32 25 73
3 75 59
37 65 33
50 47 41
93 88 16
70 9 92
66 47 3
19 65 95
92 87 73
91 79 3
9 2 94
37 86 5
21 87 24
68 38 10
50 60 16
10 15 59
27 29 33
1 42 2
31 74 2
24 13 68
18 80 69
95 97 98
27 6 24
65 59 25
76 23 46
41 96 77
8 15 27
59 22 91
63 53 54
17 77 77
67 9 14
57 58 68
51 75 91
58 97 64
67 73 16
61 32 38
9 47 63
39 73 64
36 21 76
62 79 66
54 98 53
21 9 31
4 97 56
44 12 88
48 13 58
88 51 43
69 67 46
16 52 41
69 50 6
5 51 33
51 58 71
10 63 77
93 45 8
5 3 21
39 3 60
16 4 44
41 89 59
98 1 82
34 29 20
79 18 49
12 58 88
91 41 66
97 34 81
57 61 30
39 90 44
38 88 45
48 3 48
61 92 15
26 73 22
27 78 55
65 49 38
11 14 12
52 98 47
1 58 60
8 85 95
68 94 51
44 11 21
98 32 75
83 51 21
77 6 38
60 47 90
41 51 75
53 89 47
45 87 23
54 77 2
7 97 100
73 99 77
43 11 64
16 59 8
17 100 96
67 1 33
71 80 5
82 62 79
72 61 69
77 74 75
59 52 95
69 66 74
99 54 47
89 5 72
46 16 40
25 83 61
75 15 31
54 91 97
52 31 67
97 72 36
65 39 87
43 69 19
62 75 9
4 43 28
13 69 78
42 58 53
100 91 3
69 76 28
1 93 24
71 92 93
17 15 91
1 92 14
77 75 84
21 61 55
97 42 96
64 28 52
66 31 45
11 72 97
87 17 77
76 25 37
16 41 23
47 49 6
92 14 50
28 79 33
53 49 13
76 19 92
34 59 61
13 68 83
39 69 73
21 41 62
72 85 51
8 56 22
45 94 61
96 30 57
33
66 72
35 55
7 98
77 12
16 49
68 81
98 76
97 18
92 50
66 84
87 35
83 95
79 70
71 95
92 80
58 2
29 69
11 87
30 67
61 30
32 24
69 95
56 73
3 49
82 69
76 93
44 57
14 6
54 31
48 53
74 4
33 26
87 86
