1000
2950
402 361 73
389 742 82
575 104 62
857 45 68
237 789 90
228 539 45
77 624 6
902 682 5
52 563 77
826 7 46
215 267 73
141 250 24
116 978 17
849 536 23
574 203 4
880 604 53
577 725 54
812 22 83
886 61 77
862 298 31
340 928 85
419 650 88
650 312 88
859 884 53
609 58 42
861 606 51
146 61 57
809 325 48
228 682 26
277 214 44
125 743 38
876 409 89
142 82 47
83 412 4
743 812 59
984 313 55
62 750 76
938 505 22
152 236 67
350 794 4
84 35 57
816 706 88
501 36 43
371 925 96
322 379 79
847 873 54
488 95 55
832 806 81
748 70 61
1 258 85
840 230 89
874 251 90
87 336 91
66 821 56
543 349 12
428 178 91
998 738 8
20 652 47
229 779 34
342 322 29
228 197 22
8 909 52
227 173 59
409 104 20
827 654 46
700 3 66
619 627 53
410 654 9
494 246 70
362 25 54
845 880 96
347 258 99
233 640 11
843 674 36
240 812 96
698 838 4
210 226 36
491 928 18
50 157 61
923 867 35
746 863 40
415 167 6
482 263 27
793 528 96
748 151 40
468 276 57
188 766 52
223 941 70
716 231 18
540 650 36
109 164 70
9 594 74
384 756 34
836 841 13
697 523 85
779 426 36
912 26 18
229 310 84
702 597 81
778 373 67
206 948 77
880 30 32
884 716 87
5 903 54
720 827 3
292 223 79
48 433 45
18 894 36
886 759 75
198 82 11
887 485 41
240 964 97
409 342 57
810 465 21
450 108 43
867 552 22
661 404 41
275 61 15
505 367 45
349 479 73
951 568 66
185 825 65
422 489 47
498 842 92
814 732 44
145 184 61
408 1 12
864 590 33
416 803 81
657 153 55
550 526 53
969 592 31
47 165 86
692 430 67
896 466 89
84 915 77
307 956 14
101 428 98
637 685 88
658 290 97
429 894 26
385 618 7
767 296 18
608 369 56
670 776 24
76 386 53
704 322 43
377 412 71
346 800 78
192 672 97
722 768 56
918 48 18
223 235 38
339 3 86
220 210 33
553 361 65
494 919 12
131 604 55
683 745 63
788 49 52
551 107 37
710 87 96
456 605 15
925 193 90
182 821 71
130 416 70
798 801 90
35 452 88
926 137 24
518 12 47
144 944 6
536 130 38
752 189 64
752 998 60
913 674 64
184 940 46
405 801 31
122 715 38
582 564 2
918 932 3
836 474 52
15 96 5
555 76 1
537 765 18
598 481 98
353 310 53
416 158 58
489 821 56
990 797 100
780 84 95
42 262 7
791 398 38
314 694 20
555 537 29
969 530 68
326 515 96
389 910 31
407 148 89
485 180 56
671 846 66
79 740 41
955 245 44
447 558 39
891 130 84
945 320 91
171 583 53
819 54 81
131 69 93
951 965 90
868 916 53
900 790 31
715 308 23
335 934 91
126 811 31
704 99 23
743 844 10
282 101 48
384 609 27
439 596 71
123 545 87
78 787 57
11 749 100
941 987 8
771 832 92
293 31 6
977 935 71
949 325 66
651 768 85
54 262 44
863 430 22
923 373 61
585 659 40
168 880 61
335 644 36
102 186 30
35 709 31
237 553 20
821 850 3
395 981 56
357 194 61
213 545 54
376 992 97
159 856 3
320 741 10
235 301 21
158 580 68
622 262 24
903 343 12
506 533 51
461 475 14
125 291 45
782 270 18
356 171 16
422 490 37
532 647 77
937 224 97
633 905 89
697 929 89
953 895 19
496 227 68
17 762 63
837 889 19
70 973 63
42 66 2
370 962 97
913 962 46
640 880 14
980 81 97
152 883 19
864 955 70
815 656 15
685 63 83
482 223 68
790 128 64
559 173 10
702 388 71
387 510 28
108 163 9
64 848 30
815 371 53
289 911 76
421 997 50
179 239 29
916 887 87
751 714 48
502 121 67
996 527 15
170 430 51
557 137 80
130 359 85
336 804 42
592 156 47
814 144 23
872 787 36
918 680 17
966 403 5
62 420 36
420 901 63
286 601 94
88 432 72
770 479 58
432 988 78
1000 875 69
410 636 64
873 852 89
191 665 7
374 126 51
212 338 98
122 594 26
578 993 80
681 441 84
113 428 32
498 281 11
462 735 28
73 161 20
108 374 71
748 877 96
372 858 88
979 823 55
25 408 41
874 977 24
186 689 37
421 795 34
788 494 51
608 186 74
556 244 19
793 432 40
979 999 93
975 504 80
220 380 84
338 942 60
545 431 3
929 447 43
465 919 14
556 454 41
895 740 51
578 775 61
241 844 99
603 153 44
100 298 48
132 194 80
794 458 45
835 53 64
592 395 78
313 783 87
795 181 96
637 828 94
628 604 71
572 164 68
361 922 40
295 293 17
353 42 97
67 683 16
955 870 41
600 588 70
437 657 98
892 656 92
444 403 53
737 61 30
332 640 100
215 564 3
434 812 73
734 209 42
710 613 2
969 82 44
808 252 10
661 91 50
205 888 100
420 1000 82
852 224 34
141 415 87
169 615 88
558 609 5
257 49 76
349 335 18
206 407 27
18 22 12
519 66 31
204 312 33
233 379 74
212 404 73
261 2 99
639 236 11
542 858 16
745 812 75
87 43 97
240 44 43
547 690 62
282 550 59
466 634 35
25 367 54
85 119 50
863 357 87
395 907 27
956 360 46
663 33 7
988 785 49
599 303 62
297 68 39
900 66 45
950 769 66
118 185 47
595 885 36
284 695 43
45 527 60
145 889 59
254 801 37
86 598 20
437 578 57
28 510 49
652 947 48
682 134 78
936 299 83
514 712 83
570 1000 61
929 881 79
968 742 73
723 428 25
489 11 25
766 367 93
459 755 56
38 627 50
64 158 45
388 532 98
946 605 64
286 610 3
859 318 62
611 542 44
956 752 27
607 578 29
170 521 81
596 881 1
623 951 65
81 640 73
910 395 6
962 221 64
417 175 85
424 324 51
945 908 19
961 685 17
681 756 3
272 532 29
559 800 71
646 748 32
514 555 86
71 100 92
717 322 4
866 478 5
690 138 23
508 246 92
672 262 26
114 132 12
674 117 36
521 58 9
440 290 44
645 238 39
621 229 34
156 829 15
177 762 40
444 202 99
873 512 50
788 870 80
40 182 4
417 893 59
502 981 24
358 924 78
571 557 59
723 289 26
649 844 63
350 272 60
290 741 59
751 225 82
57 618 63
197 776 91
382 281 23
78 126 16
830 616 51
696 993 14
179 363 75
547 413 64
969 180 72
315 703 98
73 541 83
962 558 42
833 257 16
971 849 42
411 138 58
904 323 2
640 276 66
289 698 67
206 660 26
310 571 56
840 691 93
407 797 68
30 122 12
224 480 37
148 660 100
517 10 82
205 675 58
19 980 88
799 726 22
965 99 15
488 598 57
854 193 31
211 875 38
192 197 86
217 420 92
102 526 26
192 10 33
580 926 70
331 660 47
948 444 45
443 538 89
220 886 68
108 568 92
470 720 82
817 743 89
612 268 12
988 192 36
179 276 53
535 734 24
423 677 29
987 26 12
929 775 62
750 112 94
895 262 3
6 346 59
778 525 21
522 986 19
390 309 92
323 267 96
901 500 65
347 685 24
78 52 83
979 620 68
340 982 16
850 686 64
591 318 35
837 903 87
536 205 16
330 531 50
447 333 2
624 764 25
1 251 52
158 837 21
878 304 76
985 860 89
476 351 13
613 506 26
705 847 29
763 987 8
185 14 87
446 24 78
809 199 27
704 643 94
309 214 97
104 375 59
769 557 14
279 212 89
250 673 58
318 78 95
801 863 33
87 390 98
717 790 47
191 331 58
474 448 46
202 984 10
752 72 21
415 610 95
57 632 12
485 256 43
281 741 58
845 987 80
746 725 97
678 847 49
171 713 2
410 473 53
323 110 26
626 779 66
3 475 71
351 473 4
285 363 39
371 67 74
767 997 88
294 156 82
469 157 28
615 184 9
995 322 40
998 288 50
55 25 87
660 86 2
907 477 84
448 891 8
120 137 88
576 574 59
287 507 7
837 495 16
183 772 94
810 463 21
734 416 67
897 945 56
311 425 9
904 965 48
728 416 49
770 410 3
140 276 31
739 518 32
801 243 89
970 945 44
727 431 5
168 27 58
415 66 22
709 251 34
262 840 93
566 202 31
11 509 97
597 995 91
550 879 28
972 147 13
6 892 34
129 510 8
71 644 52
410 18 51
891 58 99
462 424 20
68 468 40
680 361 58
425 491 39
24 922 54
418 334 4
291 942 30
17 288 81
835 99 92
919 60 34
78 801 52
743 951 60
104 365 27
18 367 8
941 115 100
908 919 32
851 603 79
563 899 72
941 58 94
426 316 56
561 648 34
562 238 16
181 778 47
820 163 78
124 459 7
171 633 41
787 559 82
655 73 63
545 881 61
82 111 76
795 257 62
247 223 74
312 544 17
988 471 21
142 117 87
278 723 7
157 244 25
960 771 45
96 912 62
532 427 59
295 6 33
443 973 76
40 460 36
722 990 73
354 480 41
992 880 59
439 680 85
766 209 38
463 689 65
597 503 84
610 759 86
616 510 46
895 781 49
778 602 76
612 761 69
431 553 7
556 499 82
257 705 84
347 217 92
919 681 13
329 719 44
248 959 36
381 721 67
720 37 95
353 635 53
965 567 61
147 71 95
657 181 44
977 944 58
451 341 67
504 270 71
897 281 52
67 663 39
410 153 72
574 941 18
26 944 92
306 118 66
958 827 34
99 621 51
674 932 9
693 598 36
172 814 95
351 921 95
751 372 1
851 640 62
364 995 84
664 577 27
126 324 12
951 985 33
259 382 79
691 643 100
688 251 51
765 382 79
409 933 26
139 985 49
590 130 7
934 219 51
321 492 28
306 917 17
343 115 22
216 56 31
64 425 12
916 877 8
919 364 18
540 573 73
754 941 9
895 341 11
199 881 88
142 184 34
965 97 83
545 991 100
299 801 94
297 861 85
196 425 72
41 15 92
655 210 68
112 67 30
532 798 63
100 530 70
117 438 52
516 962 39
938 528 85
684 977 31
125 165 27
90 287 91
90 582 94
437 798 48
890 691 6
326 727 7
743 455 76
794 771 84
134 524 82
768 810 79
376 341 22
24 947 57
775 512 61
33 682 91
632 937 45
815 882 100
789 75 88
392 385 10
16 76 37
604 970 8
59 568 78
353 754 42
629 413 69
635 560 38
816 607 78
706 896 99
822 939 40
961 565 100
287 808 56
922 257 53
393 881 18
457 426 14
17 365 18
731 594 59
279 698 8
901 712 40
967 885 76
330 403 8
829 199 41
950 268 51
146 144 31
737 427 83
149 120 80
980 338 57
479 121 14
616 661 90
396 224 95
711 678 23
642 585 13
180 226 81
528 178 100
214 513 79
828 280 15
46 655 34
186 393 50
373 400 18
440 887 86
953 387 14
407 800 16
307 17 40
221 846 10
784 929 8
844 770 98
241 93 98
256 677 96
848 908 67
947 432 34
208 579 80
682 58 12
947 248 54
105 877 31
764 856 16
895 180 16
329 278 92
713 945 87
721 84 58
152 723 62
207 122 86
516 310 78
560 175 13
727 181 2
783 1 4
153 115 91
176 688 26
853 230 3
18 643 16
64 487 86
5 886 51
57 204 73
36 522 41
719 178 80
799 593 11
844 387 16
750 464 71
428 804 78
12 563 70
59 317 97
402 60 53
672 548 13
548 727 97
351 401 60
813 160 60
581 699 1
217 973 2
191 33 58
224 502 59
159 631 99
815 444 9
638 411 97
853 220 71
733 488 95
859 713 6
455 202 89
142 731 71
887 634 15
178 489 15
13 227 31
948 820 17
252 6 56
737 45 100
80 663 56
217 598 87
416 523 13
794 697 60
58 801 36
682 354 12
559 110 66
907 247 43
213 72 20
453 276 57
8 776 37
858 255 79
762 431 59
534 370 49
859 485 31
436 321 37
297 197 76
882 801 97
247 317 13
85 12 91
583 931 16
328 178 41
305 378 88
978 780 8
348 428 54
627 64 15
499 772 23
274 10 85
322 415 11
334 154 2
284 583 81
930 588 98
55 764 20
275 674 73
212 219 86
232 743 16
974 710 40
734 966 66
967 82 36
201 888 1
916 323 73
470 380 86
234 426 15
154 151 53
90 851 22
504 794 19
984 504 12
559 912 91
708 196 26
424 488 48
851 2 37
720 645 96
980 842 47
5 492 27
409 717 59
7 921 16
94 52 66
328 903 24
816 523 18
805 332 56
987 457 91
850 326 3
131 858 59
879 517 20
211 579 15
790 652 33
869 313 78
528 109 53
669 264 95
526 529 38
984 321 5
648 676 80
515 90 83
198 796 4
158 215 17
261 902 35
898 714 56
586 574 55
285 583 34
671 822 20
755 778 3
605 400 88
947 392 7
163 506 72
769 633 63
174 936 67
92 467 46
898 179 30
259 126 72
144 856 86
697 841 21
339 375 98
71 223 60
225 348 59
699 655 48
258 686 75
956 723 56
227 941 47
465 335 4
636 604 97
242 864 34
866 195 8
135 258 97
168 606 33
579 869 45
241 671 21
17 385 2
607 175 38
85 512 63
604 295 17
806 224 73
860 679 59
125 99 43
885 773 56
506 757 34
637 496 61
372 358 15
427 39 43
470 507 92
900 270 31
269 431 11
595 4 94
416 529 85
790 16 49
928 623 38
592 615 14
513 66 65
815 547 12
713 422 86
806 387 26
970 275 2
108 329 26
364 920 12
574 741 93
363 761 34
924 979 35
242 412 2
225 73 96
439 879 59
21 960 35
725 135 6
468 229 94
133 981 10
470 684 3
60 446 7
388 678 71
609 943 52
456 339 42
473 400 79
340 505 95
247 696 13
887 305 74
602 68 10
433 62 73
895 645 83
384 657 14
872 713 41
651 771 31
786 641 5
358 555 85
825 316 68
967 84 34
842 533 80
420 813 5
484 281 14
145 193 25
540 416 58
760 551 30
214 925 42
449 603 45
775 904 82
991 883 64
333 797 5
833 144 87
184 451 79
676 952 55
534 351 25
564 299 46
539 141 3
873 373 78
721 469 14
594 787 1
897 914 94
27 357 45
687 782 79
166 251 40
669 46 69
308 939 90
593 100 53
74 725 41
827 120 43
378 731 55
995 582 21
265 86 11
171 985 64
555 774 2
717 608 5
160 782 76
684 221 41
955 104 64
200 50 43
131 651 56
506 253 12
497 206 19
952 599 91
266 287 7
557 704 97
180 131 59
643 767 82
163 878 53
536 499 76
785 825 29
269 402 64
881 785 56
762 391 97
306 15 51
823 422 27
316 519 63
771 456 12
160 381 48
492 54 77
161 400 2
39 12 34
559 360 82
354 978 50
988 461 31
644 915 89
305 384 2
443 377 68
670 616 53
775 148 78
900 981 37
786 162 29
286 253 13
269 145 60
761 47 40
333 108 71
430 248 17
593 259 31
732 902 11
934 790 47
997 118 87
931 439 67
409 308 16
891 601 41
766 877 77
616 317 92
791 810 27
282 735 91
412 591 63
686 653 93
65 152 4
443 287 4
42 694 32
837 53 65
497 31 52
655 659 72
245 916 3
593 675 83
191 215 3
957 442 82
211 942 36
436 932 53
170 145 26
545 169 1
326 262 88
247 673 77
570 16 58
935 832 69
205 642 42
979 182 93
825 909 13
106 544 30
990 627 20
903 790 30
229 212 89
70 794 44
335 176 41
749 193 20
134 38 96
343 153 48
578 830 88
999 654 69
197 695 71
422 385 39
517 886 99
947 236 40
706 161 23
52 135 85
703 103 11
121 660 74
901 193 82
738 75 52
341 942 72
647 163 27
778 426 58
571 633 50
855 290 87
992 761 70
108 745 97
390 933 31
941 181 98
479 268 1
408 137 24
969 169 70
672 515 51
503 637 18
135 677 71
629 882 22
821 775 11
689 405 10
714 688 96
814 98 46
439 723 64
552 433 47
568 8 36
320 111 60
333 78 53
869 411 57
477 393 88
337 590 40
614 311 79
946 202 24
817 216 91
759 362 59
166 7 37
335 321 66
867 535 41
830 591 96
287 340 95
314 741 11
400 926 6
556 663 33
558 366 98
567 550 7
74 73 42
815 694 30
60 246 40
982 298 25
32 584 49
300 866 90
669 898 13
140 758 14
492 263 13
410 517 2
323 590 1
519 76 52
42 829 46
225 371 72
205 741 35
164 764 4
717 33 4
726 813 7
487 282 84
907 721 80
551 565 15
823 248 30
326 952 36
376 679 51
143 692 19
259 967 96
237 534 36
716 60 13
956 76 4
11 429 22
317 45 40
856 920 88
352 339 94
934 105 45
384 259 92
346 30 22
1 169 76
658 341 13
680 137 100
943 883 9
349 498 21
158 842 47
285 532 94
486 130 46
297 90 20
423 122 47
741 537 19
884 761 76
396 492 87
142 652 79
416 838 24
455 173 86
895 666 65
355 871 29
853 613 32
778 519 46
537 592 15
460 400 67
174 966 69
99 517 68
670 588 64
806 349 89
508 603 20
192 510 27
769 94 80
17 322 14
97 523 48
309 613 81
328 181 61
336 763 63
898 207 32
199 492 17
948 143 24
612 998 64
86 400 29
860 279 64
517 443 3
281 954 71
548 590 66
134 428 84
617 611 77
216 403 40
949 920 42
257 405 56
351 268 74
928 738 44
411 311 49
641 893 47
678 591 70
530 109 25
303 392 2
477 721 71
536 60 12
815 881 37
209 745 94
641 999 64
763 437 31
393 137 26
149 991 41
700 177 61
615 685 5
145 485 98
324 466 56
450 139 24
628 620 81
745 583 94
206 558 97
704 132 1
8 181 79
95 137 65
786 60 64
310 235 43
721 778 58
687 297 21
825 584 42
143 561 19
988 842 37
749 76 69
129 804 95
634 403 63
771 532 39
965 713 74
831 405 71
677 579 2
456 506 47
970 263 49
316 274 86
267 725 58
249 42 7
706 73 43
780 476 47
232 586 92
936 952 73
656 386 8
761 7 4
411 871 7
685 681 67
657 991 58
211 118 15
264 161 90
729 639 10
958 431 31
116 985 97
671 148 81
11 953 39
599 353 32
588 696 21
755 988 58
428 504 49
392 351 14
679 58 67
787 464 96
537 574 8
697 919 79
838 272 72
80 158 53
286 144 22
276 840 5
839 481 43
470 680 39
524 295 91
103 489 67
700 433 52
593 597 72
712 695 59
270 875 44
740 891 91
684 153 9
904 979 30
658 108 35
428 315 74
261 298 47
265 274 95
202 30 77
644 783 53
298 505 33
539 345 56
172 183 98
904 741 45
843 60 99
164 327 30
155 92 56
880 515 69
438 394 8
510 463 12
269 25 14
607 783 95
846 360 82
707 464 38
978 512 73
13 217 63
465 589 3
688 11 24
836 918 34
248 239 11
892 270 38
457 31 13
862 348 7
305 490 12
955 397 27
494 802 71
112 644 9
985 384 37
866 100 5
586 143 81
579 803 44
258 188 67
603 639 6
970 125 70
722 433 82
249 482 46
421 335 33
705 416 11
574 1 52
159 255 11
875 482 73
410 853 9
47 466 76
163 484 52
354 296 65
594 800 12
997 29 36
32 549 78
993 917 70
664 975 37
946 403 31
209 841 54
271 181 74
560 841 43
668 63 65
830 493 37
125 5 74
551 918 30
832 988 17
862 619 96
218 213 35
450 248 19
28 200 41
512 774 24
571 526 31
494 147 5
65 7 18
78 400 67
807 279 94
903 260 66
298 252 39
727 644 55
247 185 81
776 45 32
234 236 8
374 325 69
913 218 73
932 750 58
551 13 34
988 787 55
718 378 52
421 790 48
881 954 30
631 340 36
766 441 88
109 83 47
614 88 54
596 898 29
908 156 19
128 829 29
183 885 59
397 46 38
833 24 95
851 618 20
796 119 38
255 576 91
804 637 12
60 298 4
370 137 96
156 641 67
393 233 87
97 518 58
722 695 38
112 483 66
985 690 17
679 168 20
443 994 53
639 280 64
978 894 26
351 440 4
335 949 3
404 119 18
675 388 14
539 462 61
114 523 72
254 103 17
696 191 35
212 785 42
409 817 61
355 807 41
650 623 7
964 228 18
510 978 7
790 867 51
66 902 51
947 69 76
711 475 6
259 404 2
265 110 79
256 543 47
726 51 78
43 396 28
715 483 23
306 327 51
43 75 50
215 230 75
288 886 90
534 694 82
170 447 17
538 349 64
561 365 35
270 316 17
365 752 59
699 624 34
975 683 59
304 535 89
641 508 71
128 60 84
900 24 42
619 992 63
274 239 21
722 16 15
92 768 91
967 889 100
778 359 7
796 408 88
634 121 30
304 32 7
912 124 53
106 205 52
653 1 50
28 647 35
763 792 69
111 782 7
953 851 42
681 798 95
535 421 38
110 488 76
709 770 68
121 277 6
529 382 73
459 735 45
322 705 49
580 638 37
739 278 14
486 804 56
240 786 79
33 321 35
552 266 45
942 247 80
228 580 56
378 425 74
114 46 58
771 520 8
589 825 82
557 536 29
128 977 3
71 110 17
850 96 47
685 939 100
641 804 3
571 84 71
770 242 87
557 420 5
560 393 3
395 579 3
219 339 39
771 490 72
669 38 40
699 137 30
963 278 90
340 352 79
615 327 89
988 50 49
426 27 30
626 813 39
571 101 51
222 522 2
462 857 8
630 770 3
977 465 25
488 526 71
207 742 72
814 1 33
41 98 4
748 465 25
83 494 43
765 491 24
436 809 49
473 208 66
331 802 76
103 309 100
909 352 94
858 931 71
289 441 57
523 965 67
778 589 86
1000 965 70
675 714 59
98 344 17
406 594 76
197 66 33
318 284 99
564 949 79
339 126 44
530 360 53
234 328 76
69 103 7
226 301 18
520 438 56
123 107 53
713 813 33
672 902 48
641 129 22
912 785 41
268 957 51
512 331 94
442 914 59
622 838 31
933 384 1
645 641 61
476 612 11
761 962 3
174 914 94
56 453 61
306 780 91
436 852 70
493 948 35
858 160 68
123 726 3
206 588 44
346 209 65
652 615 25
86 424 16
398 793 64
728 637 38
527 568 89
737 757 19
14 172 48
739 922 23
483 983 33
288 956 80
877 344 13
800 555 67
958 93 4
190 600 51
500 396 40
815 817 18
417 661 41
646 938 92
760 283 41
419 185 41
756 720 93
344 291 74
474 868 59
219 716 81
81 662 32
432 516 12
667 288 16
61 542 20
107 994 98
237 72 42
359 346 34
411 671 49
564 29 38
557 678 42
46 922 30
926 81 48
306 83 61
93 58 3
273 168 33
478 998 37
864 721 2
958 210 9
450 884 9
979 33 45
716 770 49
186 74 95
915 511 29
460 831 100
557 403 74
205 708 91
975 397 80
264 853 15
538 960 20
287 437 68
151 648 95
107 257 53
664 425 58
869 442 99
149 608 75
327 637 56
463 983 45
325 459 66
522 447 36
745 308 2
916 936 5
530 913 68
816 231 42
125 697 62
749 823 97
579 316 29
59 571 84
478 699 85
473 448 56
421 739 70
67 135 75
703 291 59
811 680 24
926 600 76
711 910 32
454 200 80
356 600 69
21 842 99
94 677 22
631 769 60
861 295 9
64 179 48
609 727 17
103 468 31
478 794 51
568 451 8
253 529 57
452 50 59
423 164 43
913 70 86
908 266 52
944 129 47
808 451 3
587 786 34
680 518 41
926 440 25
772 861 60
911 572 36
331 565 17
800 508 27
366 209 91
961 413 42
337 851 4
693 164 84
587 365 69
724 17 80
521 738 88
889 541 7
762 34 8
254 697 78
757 203 95
669 248 81
462 133 96
169 139 89
95 256 24
610 25 90
858 494 63
876 558 38
776 657 28
663 869 23
674 810 93
466 921 35
95 552 8
880 606 43
256 197 45
470 500 86
532 363 5
533 769 28
108 905 55
751 383 75
616 587 66
248 144 67
868 448 64
991 744 23
762 358 11
239 398 95
700 812 74
813 590 72
624 883 86
593 694 39
416 696 3
213 636 15
955 569 85
109 974 53
333 330 1
350 386 79
599 205 100
41 249 76
463 451 70
603 101 11
105 398 49
446 985 26
487 22 51
643 328 65
756 568 64
447 788 8
713 686 17
248 222 85
889 580 11
12 277 91
758 25 15
268 675 47
305 51 41
58 881 70
986 580 10
166 388 52
801 285 22
782 968 43
212 532 87
665 457 79
821 360 74
143 359 5
244 367 1
493 838 88
245 352 37
259 596 85
470 583 3
587 933 36
901 231 75
178 691 94
897 664 92
981 160 53
769 573 65
765 788 7
121 86 21
984 180 31
508 340 27
656 995 97
65 983 12
321 25 80
689 234 41
210 818 72
500 929 93
516 370 46
785 516 41
808 749 75
199 402 93
735 464 32
783 724 41
205 454 18
191 742 3
29 972 43
978 728 68
406 673 21
418 719 12
600 697 94
195 934 25
381 881 86
13 321 68
253 229 81
677 833 40
600 425 45
630 415 35
871 761 4
968 534 41
184 54 24
386 815 65
5 540 99
174 587 99
782 637 36
823 263 56
716 238 100
124 239 91
360 757 85
302 805 66
500 123 59
705 136 8
237 536 59
241 142 8
888 105 21
636 395 15
852 476 91
605 362 66
424 174 38
332 763 89
970 103 38
950 407 26
438 507 58
685 868 30
621 474 3
276 458 14
835 449 87
140 137 35
559 925 48
149 975 85
485 613 38
964 167 64
6 976 59
366 118 70
641 182 83
275 268 100
49 150 33
338 134 38
60 686 29
562 569 5
428 959 15
174 59 40
596 584 58
234 65 88
152 266 44
877 910 30
1000 645 16
172 667 87
41 764 33
729 941 86
441 560 41
61 965 53
934 412 55
735 487 9
170 149 95
55 612 88
904 499 96
415 511 84
795 100 57
3 55 43
814 179 36
295 177 85
639 875 71
419 715 71
605 132 12
607 540 11
466 256 78
161 509 17
878 956 24
286 401 88
315 156 95
189 537 42
985 593 64
641 918 84
892 628 50
730 914 47
23 115 56
575 111 9
224 382 65
80 318 5
279 103 90
751 702 11
968 873 36
818 198 76
455 238 98
575 5 24
262 286 14
600 68 32
604 265 58
961 707 18
536 961 66
357 109 60
400 536 58
505 858 76
187 382 43
512 420 20
29 961 79
271 132 10
115 336 95
97 578 97
45 425 100
759 149 7
171 639 8
327 634 69
308 76 92
398 701 48
170 384 5
670 138 9
318 892 55
171 320 43
41 129 2
10 451 85
172 353 96
919 447 47
253 88 48
78 923 100
388 385 40
931 850 9
384 881 1
45 368 39
3 352 6
763 687 32
615 453 54
910 619 63
962 57 3
167 777 64
984 295 36
316 795 46
28 424 33
263 347 54
186 86 45
215 878 53
892 21 70
127 928 27
911 820 14
280 434 54
390 889 4
465 759 91
243 188 76
357 186 9
388 451 2
193 618 98
869 719 96
612 467 65
668 934 83
403 286 97
856 264 93
251 459 18
66 568 45
132 796 39
889 828 11
51 211 80
286 303 93
340 651 91
637 940 76
245 506 99
518 871 59
924 380 53
761 611 52
922 985 4
309 928 21
976 42 22
990 471 38
65 681 68
624 402 13
370 983 53
673 266 89
503 157 64
378 13 11
583 54 58
109 178 52
353 186 42
911 422 27
36 968 48
654 662 70
897 867 38
122 624 79
166 220 29
94 343 13
356 281 69
751 900 33
131 126 25
513 218 66
769 600 82
205 950 35
946 522 27
234 407 75
387 58 57
717 725 26
996 664 55
135 837 65
385 579 91
781 174 92
873 771 89
100 295 17
640 123 16
256 652 61
443 821 1
639 716 92
568 504 60
271 404 55
92 785 3
115 298 72
353 780 88
644 669 26
382 482 95
996 948 53
402 241 16
282 774 61
247 798 83
838 430 45
115 326 65
108 656 2
344 193 94
247 564 25
986 115 48
27 987 99
55 397 44
311 957 19
97 235 15
125 990 31
256 769 5
117 944 49
891 272 7
759 648 57
992 843 49
189 505 60
750 735 78
581 125 51
869 538 41
56 145 57
846 7 88
233 956 100
645 708 21
26 171 39
653 713 75
595 450 69
475 77 99
846 103 71
178 799 90
899 444 45
194 630 47
246 790 34
495 266 83
387 208 22
38 693 92
111 105 65
112 835 12
354 225 28
389 473 57
889 253 76
817 667 80
645 606 70
338 842 11
750 751 37
160 622 73
875 489 19
142 422 42
4 494 64
503 616 65
952 997 11
247 743 57
637 962 26
773 288 4
121 25 79
278 533 66
198 492 98
818 401 19
426 120 42
92 255 56
609 263 83
939 419 19
810 75 54
249 491 82
368 964 15
7 92 47
308 829 6
913 146 70
781 582 91
387 133 86
867 439 9
944 426 70
174 197 51
384 117 43
424 445 28
835 582 47
893 839 60
506 504 75
374 357 65
720 723 76
64 289 59
671 406 78
953 460 77
677 90 56
77 193 49
908 445 59
802 131 67
152 181 5
68 476 76
256 835 84
388 707 42
630 123 67
1000 397 82
854 514 19
939 171 84
448 929 24
935 837 77
924 471 93
938 318 27
768 220 33
414 691 31
677 674 53
1000 32 8
808 568 63
808 567 95
656 57 86
722 670 99
659 704 1
941 795 68
349 317 33
293 944 10
623 630 25
205 321 73
715 917 12
753 622 60
567 503 39
931 688 91
499 733 59
569 864 71
976 572 100
775 664 10
458 620 82
494 626 18
300 854 20
634 209 80
655 953 74
115 541 79
869 811 38
806 731 56
171 497 23
661 483 1
614 635 57
796 214 27
383 861 85
811 932 83
933 40 68
206 333 95
175 869 88
883 486 89
910 926 75
626 565 67
349 722 12
209 389 68
57 515 75
713 462 55
415 440 2
460 253 7
418 555 60
839 91 14
232 193 77
898 246 22
652 324 10
567 692 25
880 93 76
984 208 27
513 726 35
783 977 58
329 23 15
116 82 20
918 710 55
168 811 68
495 337 41
828 387 18
502 153 4
42 319 81
889 544 81
860 439 25
144 749 32
453 943 47
239 769 63
766 390 70
24 63 73
668 354 50
898 418 89
272 516 83
249 394 87
188 873 78
910 54 22
492 111 17
588 319 79
767 868 83
241 584 1
929 22 67
724 189 87
755 111 73
613 684 16
428 467 16
339 916 42
616 731 32
958 700 8
185 934 72
116 133 10
435 22 88
719 379 51
759 847 98
74 141 16
33 230 64
148 343 49
770 720 43
738 87 86
508 604 91
783 85 39
778 457 65
953 145 56
310 34 45
89 542 96
238 755 68
801 382 83
481 425 70
256 759 84
896 926 30
352 365 27
804 404 33
392 243 92
366 352 1
647 233 83
654 338 34
890 62 93
374 949 68
616 570 34
906 539 28
740 804 81
855 808 18
258 928 31
506 905 47
802 943 43
164 689 75
836 813 74
161 637 49
468 510 69
384 292 97
795 213 25
848 821 95
502 857 88
578 247 31
514 367 68
821 852 13
99 824 99
207 627 40
225 429 77
665 576 95
275 54 8
636 990 89
856 762 66
393 716 8
55 116 21
224 828 3
452 936 8
872 62 60
949 437 1
787 205 38
551 510 67
143 6 32
108 188 58
909 686 24
315 255 9
221 659 81
529 878 53
903 708 93
773 420 75
388 384 28
930 955 36
73 599 41
244 278 3
681 145 94
226 342 46
982 350 94
522 188 37
740 374 81
479 395 76
612 472 89
478 973 68
287 899 26
762 855 47
847 828 12
664 662 93
819 751 60
31 980 53
170 140 29
111 81 36
911 579 61
462 151 8
57 628 85
300 189 43
72 399 50
330 731 91
313 233 18
48 834 58
726 934 47
810 486 30
775 155 89
178 8 88
99 26 95
165 31 37
1 551 48
828 99 85
842 607 18
209 502 96
484 834 64
412 44 78
550 888 9
260 613 47
944 923 14
436 242 30
571 277 48
565 752 13
550 484 63
856 958 89
50 892 84
74 880 90
365 598 33
486 861 54
254 607 75
243 786 70
362 690 88
248 155 77
794 515 81
796 824 88
904 394 71
103 154 54
783 566 24
594 138 59
792 369 98
358 347 10
634 557 43
801 204 83
164 891 67
390 997 42
395 60 86
654 40 77
802 35 57
82 980 96
81 966 69
857 327 99
974 246 58
52 320 21
714 577 84
634 836 51
322 464 74
766 144 34
953 950 51
33 250 77
588 886 91
330 103 93
158 470 90
330 915 91
232 555 23
791 674 5
786 705 36
920 716 69
997 163 43
166 368 36
809 196 5
130 226 13
103 91 2
250 481 66
418 407 27
423 215 18
373 644 61
832 743 22
735 572 21
471 191 6
550 129 61
806 492 58
301 317 17
953 185 62
474 188 47
854 937 1
976 883 79
171 99 90
472 778 19
268 162 97
54 930 14
797 428 27
763 159 60
984 737 12
433 437 35
470 246 84
164 678 34
931 962 100
966 486 6
773 125 70
919 474 93
144 654 24
456 366 58
126 480 79
9 879 9
509 773 82
589 540 29
85 118 7
536 991 94
408 46 91
968 243 24
815 813 44
886 389 41
41 993 43
880 365 40
764 941 7
849 222 91
100 604 64
412 1 42
536 150 19
80 275 53
887 620 37
582 682 87
411 593 82
976 663 53
630 80 44
110 335 38
40 412 32
707 275 30
562 638 96
230 996 13
518 108 51
523 892 33
21 83 6
129 743 74
846 330 74
503 532 89
634 723 13
711 490 89
199 432 99
13 209 27
341 501 48
963 381 31
143 526 46
156 171 35
41 445 6
515 834 43
967 231 17
910 5 69
347 947 29
77 315 47
913 911 41
313 705 2
926 160 69
305 621 26
179 518 26
387 354 92
561 934 24
454 381 4
654 563 26
826 510 84
549 21 94
836 381 16
100 430 42
615 499 26
747 47 31
932 675 2
590 514 88
318 6 2
930 340 99
586 430 7
268 743 38
353 904 28
393 504 47
614 834 30
633 782 45
965 337 70
236 566 45
732 940 16
140 425 98
42 765 92
514 884 59
484 631 50
470 594 31
767 239 8
846 771 90
429 353 8
121 304 2
722 635 28
573 149 30
137 376 83
282 332 81
301 802 46
744 517 71
547 984 73
460 911 89
646 239 81
540 218 1
149 566 75
823 524 52
38 435 37
219 819 8
850 925 53
767 588 2
733 584 64
111 426 12
92 245 65
597 625 20
519 940 20
433 910 34
29 167 90
56 285 95
168 93 6
28 800 61
788 370 34
453 297 10
54 115 76
343 141 34
707 92 51
749 981 81
865 247 44
915 941 68
456 333 47
142 355 7
283 907 61
951 350 64
586 565 17
319 102 49
807 772 30
731 48 8
286 138 81
595 105 11
760 363 75
166 154 25
760 501 45
794 421 72
141 192 39
989 687 40
311 357 44
755 715 68
394 319 18
272 292 66
476 271 97
380 408 35
11 702 93
455 75 20
647 622 69
749 66 74
731 100 80
181 64 52
558 975 61
889 873 25
796 31 1
269 203 38
113 983 63
183 782 97
563 757 98
244 84 41
16 788 69
789 29 13
898 623 4
363 629 72
784 153 67
942 120 44
985 727 1
589 270 28
804 658 94
318 538 55
845 212 100
689 643 53
156 374 22
155 316 74
472 92 93
616 141 23
910 353 71
763 54 57
146 739 8
900 190 87
358 892 21
621 667 92
488 356 21
838 213 17
375 990 22
913 312 51
870 8 13
247 120 97
834 74 89
833 643 80
593 446 57
989 694 68
116 535 37
478 141 73
400 957 52
179 127 42
376 941 78
107 195 63
437 109 54
71 75 46
737 186 66
782 88 7
212 625 30
721 357 60
506 442 21
4 735 37
254 906 15
720 696 43
715 893 43
981 476 53
540 611 11
700 9 93
167 736 47
392 869 35
18 901 47
9 94 7
33 304 99
22 147 87
374 957 78
976 705 38
794 5 6
385 64 31
795 618 43
296 600 4
552 210 12
25 440 31
570 221 31
422 75 89
418 589 65
895 4 56
318 652 1
856 358 94
887 278 6
69 304 74
223 966 56
675 529 91
510 524 99
781 863 25
401 462 89
596 812 61
550 404 18
19 179 13
560 822 46
806 866 42
517 38 17
987 973 54
924 827 12
340 978 27
856 142 96
595 870 76
676 882 45
263 178 77
303 69 95
976 718 9
770 819 66
724 313 37
891 549 56
633 182 88
153 655 71
436 713 36
801 604 33
358 170 19
964 432 32
445 917 78
724 515 17
864 779 3
495 1000 96
396 293 25
275 316 42
592 285 65
502 791 23
249 497 28
65 802 85
712 759 34
371 939 5
851 458 79
221 509 69
574 546 11
7 544 57
131 278 27
256 596 94
421 131 78
883 876 53
770 45 11
842 761 89
413 51 33
111 429 84
316 112 4
302 611 35
140 744 98
944 463 24
839 194 57
208 689 47
992 768 5
190 694 73
963 792 47
179 37 11
946 277 23
863 972 54
964 632 82
499 847 18
444 111 39
678 312 17
48 441 77
525 884 98
617 904 95
582 595 44
679 818 9
704 536 89
410 883 60
405 93 95
85 219 46
600 896 13
968 682 46
462 364 67
884 198 33
717 111 85
844 425 96
326 303 71
358 903 58
570 341 96
588 437 38
162 602 34
715 193 83
822 816 65
28 650 55
339 861 10
149 465 20
251 118 29
920 924 75
896 110 73
370 148 28
936 851 56
326 897 23
152 713 12
265 115 10
10 654 50
383 552 14
541 875 9
239 742 36
396 815 65
616 327 42
74 177 33
381 40 94
822 581 77
527 654 73
270 2 65
313 53 28
298 601 19
35 720 35
81 783 44
878 279 64
898 475 4
756 29 55
239 151 65
196 575 38
261 454 70
667 762 36
49 396 66
585 730 95
409 171 66
609 92 5
577 699 43
97 226 14
804 98 52
57 284 8
981 156 92
279 792 80
545 635 55
789 362 71
234 622 75
465 874 8
590 851 66
535 184 55
199 704 42
704 92 7
515 693 6
86 14 95
674 474 98
266 240 19
144 847 70
415 678 74
430 826 65
688 330 96
972 176 52
300 615 91
382 856 23
378 902 4
687 273 43
665 540 42
574 249 28
383 769 99
219 60 49
254 859 17
760 78 61
539 130 94
293 126 37
236 892 1
817 246 5
322 310 35
736 85 34
936 15 57
228 469 26
444 275 56
2 843 74
944 287 75
370 402 65
286 746 4
616 13 77
780 227 63
129 14 69
554 497 6
949 745 51
258 154 33
397 151 19
479 747 15
96 119 46
572 611 57
637 273 81
55 267 15
709 869 81
349 40 32
396 241 71
658 624 2
740 384 16
317 648 15
133 241 19
727 267 79
51 893 57
616 415 37
451 95 63
78 742 54
407 549 9
303 875 37
152 716 30
727 682 99
440 806 65
564 209 5
763 162 61
378 292 8
4 462 3
229 380 48
380 405 3
116 964 28
405 717 98
117 661 98
846 469 27
521 53 94
770 976 96
498 904 79
557 483 93
270 295 27
360 165 13
137 609 60
758 735 64
432 125 44
539 955 4
826 467 47
784 140 21
209 848 18
301 337 1
260 220 63
445 98 19
238 637 69
715 48 65
944 688 81
519 394 91
573 304 88
60 548 21
162 861 31
600 521 78
801 130 17
671 475 96
324 200 44
997 877 81
853 813 96
572 103 90
349 774 71
714 356 1
144 750 68
883 108 69
616 664 90
918 586 92
654 699 35
981 234 5
576 284 74
185 275 68
877 389 13
751 957 6
673 392 89
531 535 94
249 576 92
935 306 74
514 461 26
88 774 77
282 14 32
660 735 89
209 691 71
113 303 63
289 1000 67
527 766 19
518 927 18
333
645 322
316 101
925 778
32 765
559 673
100 787
115 172
194 916
492 615
365 815
801 413
694 749
50 635
625 893
237 886
315 818
365 233
434 668
828 939
264 872
764 941
71 862
418 828
879 747
59 863
432 660
482 212
667 97
241 580
179 174
856 503
764 737
56 811
782 254
694 535
876 206
826 383
555 974
312 711
784 501
327 838
62 429
165 751
699 568
481 597
180 375
634 748
910 176
201 436
273 876
860 990
487 310
804 511
389 514
906 657
284 268
126 236
591 518
53 508
378 813
490 538
539 834
247 874
74 753
348 574
846 924
169 964
127 724
271 929
482 850
927 564
362 733
6 789
653 827
997 586
828 536
310 883
485 766
462 211
597 637
48 505
550 185
682 570
401 283
577 728
812 743
381 678
520 327
608 394
87 116
537 768
51 822
496 882
528 368
581 551
735 451
390 53
850 425
14 614
283 605
783 622
590 747
536 605
993 141
330 777
673 278
640 311
700 418
675 128
608 342
428 484
767 725
153 849
523 835
5 673
364 744
234 911
717 915
960 502
33 505
749 277
895 267
628 980
97 542
565 327
814 116
642 255
318 292
88 901
277 857
129 202
170 663
440 227
154 68
34 749
837 554
935 813
403 413
978 926
208 287
966 11
537 261
816 325
318 544
766 639
461 826
292 84
696 580
777 27
623 457
650 55
512 310
541 769
894 31
40 656
750 944
457 621
980 31
482 88
94 321
316 235
844 139
29 891
283 992
170 84
320 869
229 559
451 29
807 972
75 19
91 632
843 391
389 121
694 418
337 302
872 956
629 604
444 939
18 876
119 20
789 304
986 8
93 571
291 91
243 206
302 994
854 300
45 62
493 775
165 664
991 807
878 748
867 5
629 564
285 55
911 629
111 637
684 718
94 717
931 281
562 495
918 848
502 52
683 106
735 132
24 766
82 855
425 379
8 464
186 720
595 436
699 67
43 779
135 720
252 912
149 714
511 279
868 443
193 152
716 405
641 331
419 590
524 712
402 1000
605 118
603 787
396 32
574 263
486 263
791 692
127 4
73 325
250 823
824 150
304 595
435 610
725 438
579 735
945 343
853 831
114 561
848 118
155 705
17 2
365 222
925 87
442 783
525 735
619 532
771 563
78 668
782 881
524 161
14 204
940 384
887 394
257 490
757 254
134 518
156 879
894 212
995 86
891 315
898 392
922 84
457 669
145 475
770 10
855 483
180 512
131 253
588 21
88 720
304 310
70 684
361 191
481 11
477 806
697 550
9 686
182 710
644 438
326 30
873 910
695 975
905 221
856 877
511 898
630 889
892 184
582 679
51 674
236 614
847 753
934 40
211 848
592 276
631 266
399 454
786 380
785 156
735 552
666 830
501 96
714 713
161 306
365 539
675 854
975 467
928 13
751 767
99 746
450 343
451 427
671 978
260 337
757 93
347 412
563 651
159 794
393 322
360 321
509 101
418 9
372 104
735 913
771 278
465 361
722 97
990 205
334 773
566 170
702 322
