101
84
112
95
180
118
164
156
96
112
133
107
186
184
148
150
65
200
143
103
7
136
136
98
157
121
151
147
108
158
106
110
176
86
143
123
146
158
40
171
143
152
125
113
196
165
135
114
130
127
179
150
164
109
99
95
60
154
125
110
137
108
76
191
129
144
96
155
110
114
118
213
131
162
131
99
132
120
131
102
124
140
120
194
161
59
109
169
138
171
138
111
218
183
115
114
86
76
203
187
120
146
88
119
173
156
126
110
86
38
157
116
119
103
182
116
111
128
143
105
126
86
154
122
131
81
117
120
157
71
95
102
121
125
109
132
179
109
97
95
120
131
160
139
107
147
141
77
190
99
102
134
121
79
122
74
111
53
71
121
135
147
162
198
101
144
163
119
189
173
98
221
112
129
148
121
152
67
114
145
168
131
135
72
170
178
20
126
130
108
183
139
135
200
118
196
43
119
94
87
167
109
120
191
129
137
133
138
126
118
143
146
122
128
119
126
182
121
101
96
123
176
210
74
143
60
118
101
122
146
147
200
167
212
149
114
156
118
122
177
122
105
133
66
127
198
128
125
172
123
162
89
174
192
113
139
108
121
160
93
157
113
110
84
81
107
66
62
140
124
105
121
114
105
142
146
151
198
167
82
87
138
100
103
157
130
83
148
73
69
95
96
103
150
87
90
125
138
183
125
81
156
187
177
19
156
95
129
117
142
101
112
140
159
67
151
139
111
154
148
88
114
143
129
86
98
111
125
94
151
153
86
99
