100
344
94 14
79 99
85 6
22 87
20 98
62 61
21 3
17 52
64 29
25 33
42 7
32 56
50 30
94 69
82 49
32 81
88 38
91 96
1 46
23 47
97 52
38 7
100 7
78 4
13 22
91 11
97 69
59 63
63 83
14 57
81 74
65 74
39 12
12 37
99 55
94 75
22 69
33 7
26 23
77 57
97 64
92 94
89 74
89 46
19 49
96 75
6 100
21 78
99 77
32 28
55 40
91 7
86 87
13 18
74 27
10 64
10 7
16 3
24 91
14 6
53 60
65 22
2 35
73 90
80 81
74 26
79 89
15 44
89 58
72 41
9 38
67 39
25 37
66 3
4 62
18 88
63 32
20 33
53 10
49 94
44 76
2 88
21 36
74 46
77 3
57 59
17 86
100 88
66 70
38 25
50 75
48 88
70 64
32 75
44 33
61 39
57 93
52 15
11 31
14 76
46 42
24 54
40 76
66 15
56 58
49 76
54 20
59 4
97 91
66 14
25 88
86 40
19 85
15 60
3 65
18 31
82 83
15 1
42 75
67 37
23 89
76 42
29 61
22 99
32 66
66 18
39 51
53 50
30 21
41 80
23 82
15 3
86 4
48 83
12 28
10 99
82 43
45 1
95 99
36 62
67 55
26 87
85 39
10 83
54 75
74 13
61 97
46 76
63 70
4 14
14 54
30 84
22 96
96 16
49 42
25 26
11 97
42 63
26 63
63 27
6 82
27 2
92 30
35 28
81 37
42 65
33 9
94 93
77 85
37 20
59 51
89 68
56 6
80 15
7 2
35 17
85 88
32 49
28 85
83 18
61 87
14 89
53 26
76 58
44 69
88 75
96 55
24 60
38 73
32 3
12 62
40 14
72 37
99 46
44 52
83 88
54 81
42 2
99 63
37 43
45 75
90 89
11 65
74 59
42 91
40 9
73 81
78 50
24 98
90 14
69 2
77 68
98 42
55 61
18 41
8 45
15 25
77 19
47 41
94 23
45 40
21 24
26 46
56 79
36 25
65 75
61 4
100 63
55 39
62 85
46 70
26 75
29 53
48 9
65 29
57 90
17 39
62 96
82 31
40 15
6 65
87 89
73 94
44 94
82 59
60 62
36 51
27 76
9 23
58 31
26 35
41 89
33 16
79 32
7 47
30 90
93 51
19 36
41 3
18 54
73 25
98 99
65 8
13 38
57 11
69 30
100 32
35 6
10 74
79 71
72 80
92 58
33 54
72 77
67 78
45 69
95 4
34 52
13 80
100 57
85 29
1 42
72 90
62 90
59 99
82 39
11 74
76 84
82 34
8 89
2 45
67 49
43 69
15 17
23 67
93 68
68 72
47 85
31 72
59 58
68 60
11 22
50 74
38 56
55 9
56 87
43 42
3 94
45 29
64 58
55 43
10 24
4 45
17 80
45 59
62 53
52 96
28 63
4 64
91 83
90 35
39 89
76 73
39 72
90 17
95 89
97 45
57 65
3 44
41 59
26 39
2 16
67 87
48 70
94 9
81 67
100 30
47 100
3 10
16 32
54 25
93 8
99 48
5 28
33
97 7
22 4
38 69
88 55
13 81
96 23
48 51
44 7
46 21
73 41
13 24
96 52
13 28
12 2
43 18
73 46
60 60
27 90
45 49
43 44
99 30
87 43
80 21
20 52
19 59
67 27
14 24
34 63
17 85
29 66
70 25
90 12
12 13
