1000
3691
878 689
537 335
688 11
266 654
589 534
891 448
117 397
475 200
482 50
515 514
12 201
925 80
496 81
855 423
865 994
31 828
278 950
851 810
881 428
688 937
628 206
441 545
158 882
10 133
485 882
775 352
218 511
103 25
103 907
460 2
361 453
402 998
738 523
484 565
302 49
49 952
806 831
406 736
489 584
480 417
271 20
62 661
334 909
72 706
513 186
736 760
364 606
530 102
578 622
466 596
220 939
826 891
831 315
91 181
321 396
338 611
360 983
572 522
726 6
682 586
530 290
338 665
978 886
548 313
387 454
893 353
456 76
330 762
569 982
204 66
589 239
88 189
176 82
125 639
108 310
839 84
359 618
199 278
842 69
681 276
474 347
239 668
261 458
931 206
506 909
379 730
808 988
240 155
56 19
285 799
827 931
82 847
115 502
887 144
715 323
225 531
562 933
895 720
970 388
507 598
325 9
48 692
803 348
932 245
143 606
473 898
805 706
98 928
589 190
564 285
925 149
342 979
196 934
693 594
387 463
831 649
427 498
210 670
569 513
923 646
550 236
805 497
433 15
957 274
907 839
791 247
617 918
841 102
470 681
627 905
499 742
241 765
57 552
198 830
749 894
945 11
483 814
537 272
891 432
154 861
580 679
206 378
716 854
639 214
490 539
205 963
778 719
919 451
633 181
388 257
881 153
495 974
327 390
216 674
645 885
832 445
69 510
516 79
855 267
334 884
752 480
329 393
380 450
622 690
422 21
317 737
471 224
886 63
931 463
83 869
508 515
661 787
386 720
303 836
227 554
450 901
910 725
10 584
810 80
725 781
513 460
647 664
541 875
78 453
228 950
723 148
590 335
788 804
779 563
179 687
410 729
600 385
568 321
986 823
733 889
819 333
442 232
729 726
934 30
527 841
38 267
806 42
685 60
133 652
949 201
339 538
654 544
135 178
488 786
532 104
212 413
470 955
837 159
142 254
666 968
686 327
919 931
290 748
341 457
849 636
172 565
401 402
560 513
719 672
628 440
612 473
112 616
342 947
803 49
413 271
564 287
130 2
284 144
243 782
71 814
299 640
451 235
957 665
460 119
851 433
552 379
163 705
478 165
572 105
204 567
240 279
651 98
972 880
408 240
488 228
140 360
812 434
148 353
306 268
325 554
229 649
399 773
653 569
424 679
130 324
262 411
658 503
573 761
671 101
171 834
735 278
326 339
576 416
597 490
401 670
905 600
755 880
463 360
227 738
258 789
544 923
38 589
697 277
960 262
869 828
577 482
63 177
144 549
69 173
486 140
995 486
740 402
800 66
331 638
752 112
796 447
546 797
209 153
920 169
932 370
514 204
1 220
782 973
53 452
788 389
623 308
77 406
708 596
367 567
399 60
546 379
979 915
388 468
845 991
503 261
224 810
513 666
525 416
227 584
536 477
935 974
982 666
906 389
52 24
496 489
775 491
130 541
958 251
895 144
777 496
972 619
810 751
673 201
740 470
97 498
3 628
846 593
307 556
897 931
753 25
873 809
655 936
884 229
330 978
898 866
389 174
220 553
65 863
268 674
842 575
891 131
801 769
123 707
153 409
343 702
426 162
371 631
983 865
46 189
645 460
230 426
901 662
456 245
650 43
598 106
280 110
896 338
370 44
571 725
196 822
322 680
185 823
607 708
432 736
617 361
439 37
998 530
819 774
422 206
487 595
178 748
122 23
12 780
226 14
4 135
787 939
86 468
245 624
339 667
854 798
485 748
645 314
672 977
144 78
860 760
950 337
207 659
709 756
309 573
844 588
427 862
929 821
233 196
239 744
166 889
526 62
905 273
365 801
557 947
316 788
708 696
124 473
994 13
113 575
687 737
784 528
542 719
52 313
487 871
27 482
27 439
225 978
103 999
954 310
366 491
19 900
655 874
710 171
193 21
33 210
237 112
106 231
341 47
138 506
876 830
41 298
7 164
710 130
756 744
836 997
342 520
616 293
169 143
730 561
185 347
473 271
229 338
164 723
70 153
536 954
854 767
546 592
127 533
776 504
791 474
821 470
568 210
515 581
305 409
691 426
435 970
459 307
596 243
969 243
938 340
157 720
471 485
264 512
956 754
35 688
325 284
577 857
978 584
470 730
889 897
870 377
345 131
289 353
673 381
774 103
279 953
2 650
630 593
868 504
70 976
161 765
370 748
518 549
626 404
587 608
822 419
247 621
586 223
377 727
638 640
32 118
244 506
8 923
135 470
301 811
846 17
758 294
109 861
650 735
779 132
682 604
478 715
234 487
32 318
126 482
700 557
104 107
771 612
580 68
699 248
668 227
225 413
975 439
183 256
788 160
432 29
475 353
239 386
587 442
869 508
729 474
993 460
724 141
925 700
784 819
536 146
486 941
714 838
969 355
512 735
166 936
552 685
445 949
66 887
943 741
47 781
881 644
127 790
383 341
518 512
585 159
795 908
828 670
430 860
418 877
756 339
184 972
264 734
673 269
450 169
485 377
227 676
599 813
283 374
187 321
551 153
403 820
936 326
796 448
434 668
751 398
286 325
70 73
186 220
988 836
951 206
864 253
864 342
586 749
377 977
34 797
256 957
229 193
731 574
130 791
540 64
980 700
46 686
270 248
43 685
974 22
231 126
726 399
811 779
496 597
882 134
507 429
540 516
460 95
762 402
934 411
925 828
481 746
610 277
168 273
37 900
915 717
301 953
664 467
210 909
538 905
562 885
439 300
104 631
407 310
611 854
80 29
538 517
34 372
267 624
283 273
94 820
817 356
582 894
582 12
763 236
771 633
20 601
498 708
888 647
425 842
142 228
956 961
856 809
480 238
457 331
352 908
14 177
452 494
295 272
868 225
886 6
54 104
645 431
89 117
808 648
322 668
105 49
995 640
72 823
878 827
61 211
966 443
706 703
683 477
195 471
197 997
402 93
773 221
442 178
892 599
195 190
856 858
201 793
200 675
430 191
237 924
743 300
333 526
270 331
268 163
868 184
590 403
853 295
917 952
908 737
636 414
800 533
28 999
196 521
872 423
42 860
411 700
612 906
711 90
460 823
70 535
136 84
679 603
975 816
844 282
816 238
655 121
310 886
609 431
984 892
953 764
45 337
410 493
721 323
546 393
425 27
439 440
802 629
262 445
682 845
929 847
526 332
970 260
289 953
974 285
508 462
369 196
116 161
490 901
971 410
410 179
355 210
557 833
540 292
182 753
289 632
424 238
624 20
258 337
347 470
354 150
378 476
63 314
414 52
635 197
506 621
523 56
699 870
638 308
863 69
984 70
855 629
521 571
276 531
687 384
264 367
252 624
913 756
289 333
999 405
951 866
735 205
603 958
82 650
354 24
185 281
901 61
883 743
277 612
50 195
850 706
172 866
939 859
339 357
992 915
99 216
180 42
560 484
388 419
208 557
187 709
48 258
733 704
46 971
908 88
710 144
703 369
668 802
269 283
960 805
331 705
237 855
68 846
763 68
72 15
251 814
79 841
410 334
861 438
668 942
177 241
381 428
789 240
403 587
463 656
505 430
181 592
514 915
585 528
671 487
928 57
147 929
564 670
638 293
213 619
91 562
912 721
878 29
364 335
359 183
926 307
191 925
345 155
709 864
767 378
366 557
948 932
358 26
395 476
475 190
155 563
421 40
558 820
820 807
632 676
542 565
430 645
787 215
878 373
293 476
517 903
866 102
554 258
727 364
433 682
667 935
801 386
135 668
550 977
677 612
899 136
465 123
884 502
91 813
671 694
850 942
449 174
184 607
235 948
186 601
984 618
983 999
233 765
763 97
591 351
114 334
745 605
289 554
73 887
256 395
597 393
215 958
113 407
758 735
708 786
471 480
391 994
370 417
827 847
31 783
789 695
735 528
452 551
462 355
622 267
604 107
615 675
826 584
655 974
345 564
779 642
551 876
636 904
310 971
258 219
242 531
774 168
335 89
867 112
177 695
735 825
352 319
802 16
324 99
984 907
589 197
32 139
878 384
490 989
947 213
485 240
209 359
10 900
579 106
950 855
170 698
246 931
617 547
829 830
53 859
173 710
982 669
280 398
117 677
335 681
675 735
925 542
162 379
572 526
55 829
28 397
720 241
870 957
628 782
411 988
930 5
207 204
988 447
372 518
799 719
117 507
724 107
342 106
369 858
821 883
155 983
139 416
926 345
44 559
87 955
790 983
469 436
71 668
325 57
583 865
87 327
466 563
457 359
470 646
122 307
474 983
850 784
670 370
337 569
114 489
258 255
549 929
374 682
842 565
60 909
741 117
170 951
75 728
765 875
406 403
870 667
161 276
609 170
345 188
428 365
899 350
60 941
870 75
548 894
134 428
497 964
281 442
271 151
203 838
31 140
239 431
867 898
461 312
717 454
440 960
191 809
9 564
109 941
424 828
300 514
662 142
330 941
983 687
649 952
855 963
467 410
245 638
188 585
294 346
92 400
429 135
357 696
223 57
192 249
980 10
875 709
498 96
691 693
818 138
853 717
575 483
159 97
99 557
136 95
134 749
463 418
360 445
536 665
119 179
406 944
499 66
961 43
555 996
188 626
470 495
824 14
788 394
31 690
851 310
702 773
592 178
305 11
18 193
768 704
805 948
54 380
868 580
576 796
751 326
840 7
560 144
420 130
717 99
823 232
263 26
445 475
306 556
4 669
20 325
6 890
179 189
515 572
766 878
799 706
349 422
580 923
814 684
755 579
323 452
566 448
605 358
234 970
893 918
730 253
41 102
134 464
339 270
522 931
102 460
485 802
561 990
896 825
798 396
335 862
990 300
3 994
628 550
88 175
496 895
930 584
904 276
316 233
44 485
798 457
708 866
643 200
907 360
234 972
341 258
130 670
475 539
728 560
692 32
298 678
565 991
928 605
120 904
780 596
405 109
642 336
316 578
234 413
489 251
450 198
317 859
541 455
174 522
257 790
792 920
178 977
241 784
109 899
121 998
455 645
750 561
770 571
330 804
887 891
477 778
973 821
822 728
713 165
378 102
780 37
447 429
351 563
869 58
241 758
276 948
826 18
358 372
86 154
119 289
458 193
856 50
920 333
204 660
455 724
778 11
634 147
512 356
476 636
25 749
643 852
382 982
782 573
934 440
423 303
725 48
949 557
690 665
79 71
435 785
187 87
96 591
621 877
525 747
71 141
607 396
730 953
275 922
895 802
44 557
33 915
379 104
196 389
583 405
281 775
731 508
405 783
897 776
79 515
640 854
733 183
788 274
150 751
621 127
257 365
953 339
269 71
380 761
872 156
909 422
224 786
981 584
898 964
689 729
879 307
625 735
181 94
927 406
648 266
614 854
329 630
611 880
595 11
889 304
845 349
235 552
229 567
307 580
534 941
194 236
477 22
546 339
809 753
725 209
345 639
335 662
665 523
58 52
116 493
96 230
365 516
94 566
258 140
504 617
171 458
461 529
813 164
156 46
290 989
253 553
45 560
538 832
566 853
445 535
919 643
231 443
344 388
329 962
51 642
409 798
602 424
776 621
425 239
166 377
178 164
631 564
765 371
753 904
728 907
736 868
538 674
298 890
916 931
501 328
349 269
716 416
686 456
295 340
675 221
880 629
67 293
963 575
154 792
521 62
414 479
804 289
938 126
561 648
525 828
347 428
34 357
120 869
290 145
48 15
344 448
910 512
412 858
685 604
379 319
502 213
95 827
493 376
267 159
546 949
437 77
140 982
25 305
344 428
210 411
136 842
305 440
225 538
372 195
185 897
383 132
501 84
11 444
682 847
366 106
7 799
562 284
704 571
757 546
230 651
13 360
713 817
777 114
408 975
663 763
380 703
151 21
99 246
131 423
377 45
759 792
640 951
701 552
318 6
102 266
617 530
207 545
151 696
299 579
357 156
185 955
309 103
102 387
631 256
94 426
813 314
890 359
18 224
154 615
379 304
306 525
829 484
41 213
493 459
339 33
69 922
896 430
875 630
184 623
665 514
910 75
112 421
935 478
871 768
643 542
990 56
473 855
106 101
806 119
825 505
502 532
835 831
883 115
659 677
991 997
939 710
980 18
809 796
148 297
570 457
654 358
547 548
370 711
98 310
156 494
578 720
938 38
334 146
471 766
688 614
205 738
772 511
508 775
361 744
445 993
559 728
523 830
515 761
279 302
826 5
446 373
715 610
789 586
648 410
594 959
454 132
237 347
535 900
915 409
155 835
213 284
180 534
349 478
703 54
843 487
76 816
620 342
786 492
810 742
191 397
127 762
11 726
896 782
518 888
353 516
763 493
662 269
316 749
990 487
310 254
652 453
739 757
687 758
143 219
507 267
59 382
933 748
459 556
860 100
217 947
523 328
773 554
847 474
905 469
458 383
418 729
762 771
630 14
781 677
644 789
745 19
291 861
855 558
650 259
888 692
40 181
891 494
103 347
799 562
857 359
39 892
529 302
162 462
957 458
671 423
276 47
543 505
818 516
579 201
480 60
292 859
516 675
655 852
640 677
158 439
103 480
597 335
889 511
163 190
982 349
831 432
506 161
813 797
50 589
346 838
563 245
985 853
718 90
822 613
598 265
634 854
476 106
639 229
320 956
246 457
960 917
966 982
360 550
681 255
526 129
780 609
803 922
698 293
169 91
174 526
2 587
204 730
17 76
33 618
797 674
132 903
547 602
40 614
580 978
494 513
960 532
685 924
559 217
112 592
824 574
817 441
231 132
531 905
510 476
863 218
520 969
982 151
961 433
799 245
762 916
662 213
810 160
846 514
71 255
362 550
152 662
445 591
515 954
973 528
989 812
249 909
73 598
881 354
675 206
569 769
155 704
794 115
763 836
908 601
483 661
480 305
564 339
322 965
398 172
363 686
388 226
214 600
16 58
5 532
451 55
703 969
461 876
663 807
619 338
56 27
900 261
770 322
320 215
773 268
364 377
925 476
253 181
725 515
87 328
302 814
602 837
326 203
728 127
151 767
696 381
408 258
728 182
665 952
242 591
524 287
101 153
982 444
851 51
322 428
556 281
209 517
533 432
311 348
378 771
339 763
797 303
984 442
581 110
580 751
472 29
379 10
55 112
515 216
525 246
1 723
198 116
863 400
720 439
102 465
784 268
88 656
640 398
678 847
866 623
305 897
575 686
144 27
411 589
610 176
974 43
667 427
191 240
445 855
297 176
795 433
760 897
200 379
556 356
611 487
376 535
862 786
753 821
690 22
319 231
769 470
735 370
828 88
58 222
949 941
205 238
875 364
257 328
616 349
351 946
386 557
285 182
595 811
528 805
409 563
122 108
49 609
944 442
967 663
669 28
801 908
216 791
314 299
708 845
497 691
300 450
396 663
754 773
230 846
785 737
842 365
444 626
744 428
226 581
496 511
265 985
911 525
388 617
533 663
163 74
168 110
40 47
984 574
713 989
218 81
553 66
783 823
104 974
802 968
307 900
407 244
875 824
324 613
302 14
507 94
567 933
856 811
929 655
762 704
702 94
781 739
143 974
901 986
721 309
410 786
113 707
723 370
242 756
309 832
673 946
652 739
662 868
402 226
849 244
28 502
810 499
472 897
648 526
603 698
872 774
460 842
745 845
791 187
138 96
417 341
857 234
802 665
681 300
940 463
110 334
217 754
473 429
140 29
992 145
332 593
771 606
983 560
584 979
587 805
464 600
623 938
626 750
19 705
849 354
657 932
366 137
992 309
765 742
366 382
81 916
704 1
980 142
649 907
780 592
392 417
468 673
20 718
257 53
347 805
496 22
660 259
599 337
551 677
897 202
6 181
508 817
59 678
357 241
815 262
160 31
499 259
803 722
291 326
63 783
513 55
161 670
95 409
165 957
123 490
910 194
155 761
612 613
251 520
879 265
186 227
174 138
1 83
490 661
572 982
927 414
723 941
391 617
377 626
15 656
537 989
795 59
338 976
32 722
889 402
521 831
691 92
399 214
541 899
290 323
508 134
271 384
49 828
105 280
535 692
626 112
376 423
328 823
147 857
360 230
391 236
415 614
829 719
502 622
107 536
156 818
79 783
635 510
975 965
681 15
881 516
441 387
979 733
576 360
782 554
783 105
838 971
348 169
716 515
916 153
806 784
54 369
34 454
755 389
65 558
229 204
202 767
346 857
218 83
168 543
466 999
94 921
239 701
792 149
300 229
376 642
319 785
802 147
797 729
520 684
921 611
827 242
43 889
754 243
133 422
813 740
799 59
208 736
858 516
561 586
589 319
228 317
875 602
819 782
160 735
428 804
142 727
24 910
316 331
52 5
871 143
640 642
642 7
115 738
176 924
959 472
242 544
315 75
208 431
755 342
509 195
925 445
287 55
605 945
483 610
572 162
138 903
840 623
965 301
981 545
218 936
381 833
888 907
954 939
965 770
314 218
216 986
485 27
292 987
66 864
965 549
226 717
40 993
348 753
354 673
555 781
112 21
323 316
814 533
295 137
317 33
759 994
513 732
932 477
804 291
808 403
395 737
324 2
47 789
549 728
98 384
517 358
251 929
91 857
941 205
842 936
636 467
185 500
211 990
905 427
465 489
157 490
694 899
699 624
51 521
465 510
121 142
148 759
158 167
455 138
905 83
322 141
843 848
953 295
466 982
60 985
694 659
983 881
837 641
89 182
685 793
333 288
666 868
326 134
831 826
984 576
37 834
786 103
59 619
969 410
151 137
185 58
279 489
672 910
324 853
92 234
575 878
895 340
261 735
816 422
339 891
79 875
48 565
443 345
120 890
725 740
95 334
495 590
111 128
118 549
567 398
264 365
225 643
304 943
745 119
280 12
98 144
220 99
931 341
85 549
595 802
855 277
517 370
459 56
897 199
604 771
478 158
370 504
892 580
49 119
792 44
513 671
82 258
548 946
609 390
511 81
799 888
35 207
541 278
945 918
628 544
203 835
609 392
14 164
708 842
781 107
885 771
433 806
26 933
166 626
87 739
344 923
37 498
575 890
913 707
451 36
378 943
833 995
371 65
116 321
956 679
191 769
495 430
611 656
424 109
549 900
609 143
61 815
909 889
936 409
568 942
446 556
317 112
829 51
264 359
638 168
974 272
595 189
879 749
848 629
646 592
509 276
537 573
953 793
611 27
299 86
699 857
507 941
677 535
138 241
573 576
895 189
594 314
380 80
840 821
612 351
571 949
153 804
816 646
726 823
300 691
675 483
13 378
846 111
798 324
394 395
811 101
481 562
66 510
151 698
817 860
909 681
862 869
315 336
333 765
182 597
659 516
764 25
147 903
643 103
684 784
81 940
561 453
453 123
968 61
987 626
54 551
15 294
654 653
929 435
769 759
656 578
706 659
596 707
794 755
354 559
794 541
52 557
863 647
871 593
729 996
648 240
407 534
51 176
38 476
839 32
483 471
851 23
903 426
845 874
623 862
252 436
838 276
18 542
512 507
957 934
457 820
822 835
229 452
276 997
168 672
802 405
335 79
426 447
534 481
954 232
203 416
555 909
400 749
538 324
899 910
418 954
843 723
707 301
13 708
532 888
35 314
908 740
910 16
101 87
592 470
709 638
568 833
703 672
963 846
652 168
83 441
735 487
120 170
107 185
813 584
244 21
180 730
646 489
578 801
330 511
340 465
146 779
1 658
82 891
749 444
844 733
52 982
307 885
813 488
296 521
257 375
739 25
361 399
565 188
71 312
136 470
16 607
591 607
756 37
564 78
366 101
222 20
960 856
778 921
334 510
90 370
628 420
155 468
670 84
875 529
464 900
8 360
423 172
258 718
88 733
836 686
639 607
92 360
927 524
131 78
306 880
533 517
141 121
131 201
108 422
33 483
41 276
841 676
673 165
241 645
814 87
355 62
726 818
230 726
589 841
805 965
127 217
268 286
966 168
682 677
794 762
652 577
337 704
950 841
230 744
30 47
872 338
374 774
687 595
501 525
807 758
326 345
83 641
969 377
48 242
258 35
261 585
160 73
553 161
442 783
447 353
460 610
158 126
359 901
745 348
379 163
558 159
852 780
980 57
152 109
77 262
443 355
58 236
981 751
820 948
393 522
787 480
276 699
353 666
361 243
555 756
481 665
31 944
255 529
404 947
895 893
32 563
379 602
304 79
22 484
916 984
210 412
772 408
881 11
529 637
18 647
419 26
189 34
149 993
215 4
99 219
296 21
978 5
790 912
264 461
795 242
192 41
539 957
335 949
242 87
780 629
147 504
837 313
319 527
141 227
730 738
874 184
898 520
434 912
25 492
523 915
435 579
819 966
958 228
837 936
480 955
223 882
124 140
362 72
557 197
395 471
184 978
70 684
743 425
542 547
603 40
338 260
664 931
157 144
544 875
96 14
3 627
346 551
328 808
650 565
173 346
404 65
143 115
609 907
520 219
729 702
523 725
848 468
138 530
944 612
488 173
366 460
708 726
8 665
234 432
179 532
938 785
143 266
966 12
754 775
134 401
82 277
300 587
856 471
383 726
807 689
36 181
482 658
785 169
747 437
311 800
364 72
791 436
311 237
106 654
768 223
206 428
583 417
331 508
547 846
13 205
714 831
436 83
774 371
489 207
715 813
229 271
989 893
947 730
88 504
620 565
130 255
631 388
318 575
441 34
590 193
221 890
17 300
426 753
981 164
953 152
135 896
348 213
25 677
219 260
486 155
528 439
50 572
667 899
700 23
940 717
390 767
486 128
458 114
639 241
327 508
693 159
91 844
302 812
94 400
763 943
862 71
579 75
813 397
561 624
71 37
120 661
131 793
798 406
46 418
18 906
211 285
687 875
571 892
192 842
474 560
74 203
797 407
152 478
571 17
150 655
730 143
843 462
586 472
747 297
720 968
349 751
208 366
540 975
763 859
443 308
360 980
724 502
632 378
630 905
153 760
990 680
779 251
108 847
271 521
479 935
659 156
18 354
388 795
52 754
1 400
570 187
522 467
342 937
220 129
877 236
134 556
581 792
93 4
191 815
660 522
850 121
395 688
938 704
446 872
395 86
830 992
650 933
8 11
612 235
278 283
357 125
99 825
206 104
761 323
402 599
224 523
267 329
437 770
270 557
115 701
967 545
501 286
207 165
927 973
735 874
37 487
286 37
778 707
801 108
496 830
361 895
765 500
435 604
984 816
301 432
412 256
997 993
195 581
185 834
234 300
954 255
563 462
967 881
268 708
724 849
120 259
64 385
268 357
330 42
41 602
428 320
92 980
221 723
736 578
766 302
486 343
725 101
948 366
980 446
853 900
852 967
502 89
895 257
109 429
676 686
318 663
176 738
252 114
89 772
821 272
795 267
995 838
43 248
605 823
348 144
167 914
997 30
493 190
569 292
619 901
96 468
285 14
133 47
879 531
933 199
712 521
277 268
667 406
386 518
381 136
810 230
8 946
114 973
313 18
362 701
7 791
989 288
176 216
471 851
379 153
731 496
976 500
67 600
57 389
873 39
886 408
697 886
625 878
364 705
636 415
493 833
302 430
659 259
339 871
878 500
636 588
723 424
725 947
853 579
755 140
451 833
681 670
151 493
721 164
798 674
922 732
411 544
707 854
674 554
848 235
4 844
881 673
411 896
600 111
765 457
821 232
651 857
466 250
148 964
353 318
938 581
433 100
528 351
624 765
827 465
383 982
516 860
961 637
462 596
999 276
19 17
950 888
83 493
93 984
993 454
280 253
111 664
398 256
637 508
534 420
127 90
771 897
709 436
426 339
970 952
277 421
535 14
371 885
909 343
535 572
733 473
775 10
471 494
572 217
615 433
384 709
381 139
346 698
214 967
304 974
634 77
444 269
152 732
292 96
396 639
323 772
155 586
96 317
117 293
479 429
343 36
714 494
538 438
849 867
467 342
455 799
529 282
617 551
267 87
187 136
943 658
489 348
883 722
594 584
90 822
630 675
728 832
848 983
551 688
505 768
961 621
737 858
679 998
897 525
225 618
331 560
736 489
211 864
697 480
953 274
479 100
316 477
166 282
407 374
337 903
44 551
357 992
727 829
105 289
916 415
197 806
822 158
785 87
720 385
141 677
413 392
529 504
922 521
418 512
230 986
763 998
284 388
685 451
79 117
386 576
851 476
178 946
996 406
605 806
871 535
510 665
278 694
34 668
353 668
895 434
663 487
378 178
510 944
539 698
127 141
490 537
216 243
60 816
906 517
343 495
238 837
574 15
250 242
795 421
212 402
830 653
105 568
656 340
549 759
220 573
473 15
906 67
517 318
554 251
967 835
861 432
169 507
505 443
939 911
665 857
177 583
637 257
928 906
464 460
277 254
639 501
44 172
582 998
792 719
300 473
878 131
714 774
416 966
918 206
698 824
124 735
716 2
734 235
514 593
472 319
269 532
259 132
894 17
676 303
435 99
263 786
982 496
113 638
811 332
562 129
307 390
363 283
448 678
664 398
940 243
623 752
896 838
565 503
42 835
209 64
922 447
527 599
454 746
842 919
298 263
672 344
666 786
171 271
403 327
30 753
524 330
787 892
902 289
704 632
245 739
926 243
816 15
58 819
106 698
226 430
612 474
75 177
380 787
990 815
475 908
757 204
256 855
107 633
816 630
925 671
965 790
52 499
892 613
714 949
631 678
694 59
308 210
156 403
543 910
866 10
514 653
990 572
726 920
674 944
606 715
447 561
312 255
478 867
730 553
33 862
426 827
513 94
82 948
502 575
890 106
70 21
887 914
18 718
190 959
985 770
265 263
953 5
428 777
291 502
897 611
566 793
169 695
930 775
717 157
150 974
899 305
314 322
23 728
514 273
250 632
379 753
937 328
107 515
89 302
455 225
384 654
58 976
562 478
276 995
765 896
56 838
860 37
735 49
628 110
607 145
669 335
594 741
256 918
829 409
304 617
137 997
836 769
618 234
360 579
86 406
536 342
913 29
422 888
839 338
211 512
796 204
46 566
888 376
162 646
707 710
178 447
213 980
830 237
462 943
437 605
42 760
856 701
367 820
17 436
715 168
197 296
860 128
280 527
639 82
576 908
325 465
712 24
883 370
98 679
686 852
621 255
249 430
259 831
132 481
134 756
313 733
677 622
692 913
5 15
647 224
193 955
290 752
369 711
780 671
67 302
10 555
742 359
555 65
904 529
253 114
678 875
70 866
592 881
836 758
45 465
870 304
402 587
73 874
601 128
588 522
158 176
639 116
680 169
670 834
551 719
397 202
175 853
13 194
516 739
825 159
397 573
33 213
959 435
91 234
710 897
131 440
5 506
36 114
613 343
463 784
656 971
803 554
653 894
151 451
311 19
328 330
262 307
452 560
401 257
711 887
801 701
382 135
167 68
895 37
418 821
5 18
381 199
894 812
697 446
475 269
226 259
553 35
997 148
210 691
693 257
268 702
698 345
944 684
286 217
809 114
512 509
528 550
699 578
616 464
632 56
940 383
65 462
266 957
897 693
652 81
413 6
686 118
675 850
389 12
232 70
666 550
596 516
934 439
864 782
565 981
754 892
305 369
164 811
352 156
517 40
914 702
62 816
895 208
717 137
884 572
66 523
937 69
42 258
124 842
14 982
526 652
389 259
214 341
113 4
152 597
959 669
747 457
365 135
353 790
702 521
950 650
226 53
545 634
121 537
71 787
54 50
2 365
134 71
820 826
984 30
689 75
608 412
460 343
592 538
253 528
844 227
874 658
508 550
636 219
697 608
266 625
353 697
466 770
422 222
81 45
101 913
138 50
333 460
404 610
527 410
225 73
509 600
61 503
497 287
23 299
746 313
730 899
774 900
901 146
436 283
309 315
595 900
724 253
25 311
30 545
830 144
444 476
975 381
396 752
560 299
568 167
18 463
626 737
877 801
668 376
186 491
5 16
726 914
88 127
351 226
135 288
87 108
831 420
745 121
728 688
116 586
270 509
532 909
262 549
894 313
208 408
965 643
108 518
867 914
278 271
359 435
713 576
753 42
603 543
240 639
66 827
736 669
39 247
200 337
575 49
450 351
621 468
92 449
282 716
320 740
941 339
749 760
510 682
865 414
408 464
223 741
202 105
547 406
246 810
974 544
57 28
429 487
981 379
148 136
737 296
12 527
256 975
61 627
397 770
689 319
137 342
620 94
455 851
360 845
185 623
521 262
360 868
851 314
717 988
421 407
174 952
140 470
10 151
896 194
130 955
800 29
847 421
678 972
318 687
872 433
611 650
389 435
107 649
259 644
148 946
72 583
517 344
531 209
695 476
260 327
903 819
925 18
301 318
573 597
260 120
134 290
744 117
738 226
9 701
86 207
591 858
82 810
975 350
486 831
862 434
104 531
606 897
71 954
247 21
924 241
432 724
881 95
310 757
439 196
560 553
936 69
504 74
741 420
962 787
353 419
963 964
912 701
185 520
245 262
602 318
929 341
392 739
208 14
285 34
490 360
729 214
941 821
801 939
141 433
489 755
308 517
335 989
840 813
814 471
639 998
279 168
318 962
427 428
817 37
382 472
360 339
47 728
371 329
129 438
549 123
259 759
637 534
225 840
95 21
769 818
88 453
595 672
744 292
671 516
345 939
283 753
17 573
577 910
375 705
205 389
328 324
17 475
88 790
151 760
382 286
323 183
963 503
592 504
777 71
243 623
201 4
186 130
987 821
43 82
488 32
815 416
183 53
974 53
648 379
283 289
989 15
119 763
376 688
602 967
817 59
284 907
492 758
161 118
900 6
222 202
172 384
931 665
867 422
148 920
786 809
763 198
519 398
95 362
837 250
978 572
903 775
550 812
440 499
203 439
765 706
639 237
788 382
782 327
26 280
203 228
31 572
41 962
40 356
700 869
794 566
579 418
136 771
715 99
568 712
58 237
985 955
968 787
135 374
271 446
132 544
667 3
452 55
169 884
707 524
75 227
597 679
723 690
554 649
99 158
581 344
301 257
440 714
912 852
841 177
753 118
512 892
710 628
540 52
29 128
814 73
195 677
642 135
579 414
406 374
71 621
814 998
347 582
806 743
775 601
777 144
208 95
876 457
978 815
808 73
677 575
418 123
579 849
827 305
957 127
772 248
523 121
550 319
790 211
657 767
67 402
408 768
684 579
608 529
35 406
503 635
436 241
720 992
52 642
132 511
218 886
263 283
416 826
24 521
514 272
609 779
664 167
233 642
307 386
372 460
899 493
692 971
103 372
290 430
691 873
6 157
981 438
273 501
918 35
322 318
709 608
453 460
528 727
867 832
333 55
692 492
359 916
67 854
33 332
995 989
196 22
857 373
345 266
306 928
205 547
903 644
629 421
838 339
453 683
777 788
481 507
688 826
849 28
418 445
502 410
858 531
810 783
56 734
749 890
466 659
167 509
323 239
841 687
392 920
508 578
464 893
559 920
313 208
658 294
309 818
309 558
820 654
751 423
326 508
417 219
35 449
215 955
233 469
569 549
447 745
407 567
416 144
74 755
919 381
175 905
941 220
103 979
112 910
709 560
549 644
261 476
184 699
799 174
75 521
2 377
606 585
684 673
102 797
851 989
7 306
469 405
610 619
868 91
532 932
834 584
393 604
384 616
276 837
931 634
321 729
935 590
364 421
49 601
493 708
566 283
449 218
287 877
906 1
648 600
557 316
910 802
208 984
313 760
928 934
134 979
976 754
32 39
704 30
921 53
584 314
509 454
78 900
816 204
74 520
449 173
543 446
733 556
71 549
52 560
955 794
177 481
389 847
704 74
637 462
24 286
733 72
691 925
782 607
54 257
120 550
779 9
50 405
903 629
363 751
928 812
708 653
403 383
144 289
568 102
887 885
319 902
207 240
418 468
875 822
120 599
951 973
893 960
241 862
798 381
588 663
510 536
451 56
282 773
430 188
389 904
418 603
171 705
226 545
506 733
664 451
750 732
883 828
16 921
448 534
992 838
479 742
732 768
998 748
622 541
121 8
238 886
200 376
548 904
317 440
750 475
886 276
492 736
853 382
236 127
145 380
400 220
394 140
503 766
273 910
582 53
200 281
536 186
754 245
902 437
319 765
429 472
317 171
418 905
111 301
881 439
217 79
484 340
378 332
475 365
478 382
71 261
596 776
902 599
199 876
451 73
323 652
562 638
214 961
316 410
580 835
466 674
847 966
148 928
745 374
160 321
751 222
802 847
901 625
975 345
787 888
669 129
330 647
88 322
688 398
45 91
29 784
267 134
326 132
786 236
332 62
777 757
268 178
665 2
830 267
87 160
27 47
649 221
189 277
5 515
28 76
145 534
540 150
75 136
536 787
418 391
852 514
697 124
502 862
621 178
651 465
528 404
571 946
549 978
812 738
353 767
135 460
303 582
473 923
227 58
873 679
764 644
720 456
575 534
778 13
832 961
802 56
471 616
580 870
530 67
497 19
109 586
612 971
171 20
743 702
908 871
348 847
212 680
503 754
527 847
100 575
801 362
425 422
641 57
278 68
31 139
534 37
934 152
343 331
704 318
515 692
93 141
104 505
146 511
433 567
123 214
654 527
195 841
996 816
83 442
596 195
148 760
963 290
495 538
364 636
597 561
853 440
13 50
776 804
357 937
161 410
815 828
618 686
132 553
986 330
417 372
826 619
927 951
13 504
712 774
341 464
690 282
181 603
272 538
1000 828
451 952
382 967
137 475
365 243
233 980
881 650
248 275
557 968
257 452
639 610
742 201
209 940
864 982
876 647
368 210
333
236 297
2 398
862 82
383 303
541 551
354 792
468 894
966 89
45 820
814 336
980 504
51 641
498 594
707 200
89 579
718 680
959 670
724 212
669 694
319 137
59 753
938 430
476 905
428 610
943 9
587 500
474 237
302 178
937 51
449 650
205 928
625 333
610 577
52 530
90 293
203 42
68 11
2 826
66 564
222 750
473 751
299 338
276 149
508 855
215 520
630 390
41 125
372 998
248 635
198 987
313 812
836 610
977 843
487 984
433 160
519 958
282 672
608 335
772 179
916 423
503 824
897 176
700 482
157 779
549 322
543 800
574 864
487 206
543 586
276 342
90 953
973 372
69 151
350 907
27 666
7 128
576 42
137 339
258 66
853 914
327 110
612 727
837 500
176 465
329 958
247 227
662 617
192 610
707 516
448 518
498 11
162 815
576 496
599 287
172 868
136 305
529 53
682 119
704 428
376 912
911 179
34 208
748 215
273 299
825 90
279 290
740 112
515 950
546 12
660 240
795 787
466 754
251 328
208 88
553 154
639 613
296 181
277 85
786 749
529 113
295 436
627 474
676 966
303 502
811 798
906 609
192 928
437 740
474 884
521 783
928 800
326 180
399 899
752 906
530 402
56 114
16 906
759 487
611 529
298 561
366 603
221 32
922 951
983 805
767 887
84 79
60 737
960 216
14 713
981 876
720 431
74 164
126 434
63 509
564 13
545 203
809 769
628 283
988 249
989 362
545 483
720 648
72 171
782 144
483 802
755 195
752 731
709 668
182 715
822 940
685 752
493 350
770 265
807 693
943 244
364 271
88 379
463 312
176 571
280 201
260 87
446 305
151 248
486 898
587 130
958 726
584 182
467 47
846 950
448 148
415 862
383 368
367 979
823 150
122 100
672 589
575 671
897 14
71 997
817 294
791 216
21 955
572 535
442 358
291 857
240 87
605 717
725 685
663 434
119 2
533 531
400 460
147 497
496 759
182 824
46 502
748 986
662 878
485 904
905 998
38 828
35 429
844 950
4 43
631 830
632 985
476 983
463 907
470 74
598 22
435 505
125 315
789 999
214 194
51 337
47 372
772 713
104 8
289 925
787 191
845 224
173 451
268 681
914 691
417 418
205 665
775 882
305 188
338 609
983 672
1 498
16 854
51 103
162 752
821 889
123 565
500 954
252 76
62 901
534 537
387 85
356 153
184 725
902 257
184 895
396 927
554 670
880 295
942 198
164 283
427 597
453 95
124 497
247 60
997 185
520 504
520 108
332 319
370 133
951 866
835 215
61 692
595 158
906 650
41 820
755 196
130 979
604 26
826 806
42 356
798 677
480 855
302 580
671 883
17 613
341 525
415 723
171 274
954 840
98 233
23 28
674 299
546 206
698 328
688 720
818 187
233 190
173 143
988 260
260 493
216 102
173 841
807 128
534 632
728 92
154 228
642 22
464 536
725 67
699 843
254 874
153 200
469 636
19 261
926 610
472 130
650 137
206 507
735 796
983 965
678 300
483 127
419 287
